%YAML:1.0
---
calibration_time: "Fri Nov 20 16:15:22 2020"
nframes: 106
image_width: 2448
image_height: 2048
board_width: 11
board_height: 8
square_size: 20.
flags: 0
camera_matrix: !!opencv-matrix
   rows: 3
   cols: 3
   dt: d
   data: [ 2.3451971719212443e+03, 0., 1.2152885130088428e+03, 0.,
       2.3456134391194478e+03, 1.0360110634987225e+03, 0., 0., 1. ]
distortion_coefficients: !!opencv-matrix
   rows: 5
   cols: 1
   dt: d
   data: [ -1.3101975859890935e-01, -2.1984226611399912e-01,
       -7.0193815232509155e-05, -4.3983847044274283e-05,
       1.0477285502047120e+00 ]
avg_reprojection_error: 2.6414734189169520e-01
per_view_reprojection_errors: !!opencv-matrix
   rows: 106
   cols: 1
   dt: f
   data: [ 2.33312264e-01, 2.43887514e-01, 2.14978188e-01,
       1.97451487e-01, 2.23879546e-01, 2.16628656e-01, 1.86250538e-01,
       1.96899891e-01, 1.98010400e-01, 1.70435801e-01, 1.80649251e-01,
       1.79907024e-01, 1.86433285e-01, 1.95470929e-01, 2.20240623e-01,
       2.10104406e-01, 1.71120927e-01, 6.99289262e-01, 1.76937893e-01,
       2.33658716e-01, 3.21965247e-01, 2.18731374e-01, 2.14082122e-01,
       2.33757600e-01, 3.03510815e-01, 3.06763649e-01, 2.81612575e-01,
       2.90864438e-01, 2.09521607e-01, 1.85269788e-01, 2.08491459e-01,
       1.81696653e-01, 1.89932406e-01, 2.27949455e-01, 2.24854127e-01,
       2.24658236e-01, 2.25571454e-01, 2.20491260e-01, 1.91046074e-01,
       1.96306065e-01, 2.82220334e-01, 2.47280955e-01, 3.14453065e-01,
       2.85524279e-01, 5.65720141e-01, 2.24220380e-01, 2.68641174e-01,
       2.83199310e-01, 2.65909761e-01, 2.88915277e-01, 2.64318496e-01,
       2.23582923e-01, 1.79994032e-01, 2.13853598e-01, 1.50281206e-01,
       2.68767238e-01, 1.87765881e-01, 1.92383468e-01, 2.02623606e-01,
       2.09169656e-01, 2.08061203e-01, 2.11434245e-01, 2.04881907e-01,
       1.97355658e-01, 4.52287525e-01, 2.12309077e-01, 2.24772885e-01,
       2.19579309e-01, 1.74793378e-01, 2.08042577e-01, 2.24481061e-01,
       2.84943640e-01, 2.76938707e-01, 2.58587301e-01, 2.38072991e-01,
       1.86482638e-01, 1.72989070e-01, 2.36033142e-01, 2.72701621e-01,
       3.75764042e-01, 4.75368351e-01, 2.60158122e-01, 3.99214625e-01,
       2.71789640e-01, 2.23233297e-01, 3.38375449e-01, 3.89975488e-01,
       4.16118890e-01, 2.51695812e-01, 2.68668145e-01, 2.37088710e-01,
       2.24574208e-01, 1.90821975e-01, 2.25395963e-01, 2.46755227e-01,
       3.15787107e-01, 3.08049560e-01, 3.02898079e-01, 2.49977574e-01,
       2.72811800e-01, 2.59433568e-01, 2.90446162e-01, 2.62702614e-01,
       3.31383795e-01, 2.66761661e-01, 2.53684610e-01 ]
extrinsic_parameters: !!opencv-matrix
   rows: 106
   cols: 6
   dt: d
   data: [ 2.8299515436439759e-01, 2.4976997874041843e-02,
       4.0762210546907360e-02, -1.1238977539900664e+02,
       -1.3779612755990556e+02, 4.0256455931066807e+02,
       -4.3317737064655637e-02, 3.4544603433028853e-01,
       -3.0826503949566657e+00, 7.0967402537655232e+01,
       7.5237543237772030e+01, 5.0441178429682191e+02,
       -2.4636736375274002e-02, 1.7096369562639996e-01,
       -3.0955713573436427e+00, 7.3640812810385725e+01,
       3.3238309184558972e+01, 4.9229345799754890e+02,
       -5.0361892591415780e-01, -2.5661600801484336e-01,
       3.0207142130658275e+00, 1.2692158274314700e+02,
       5.4855350327759545e+01, 5.6097250270415816e+02,
       4.3589117643310221e-02, -2.6968777260463012e-01,
       1.5507550844678748e+00, 5.5186955689387538e+01,
       -1.2566400313699206e+02, 4.7580386348226517e+02,
       1.5169542716504161e-01, 7.0214834942812374e-02,
       5.2604901859705094e-02, -9.0386222144513027e+01,
       -3.7192528965402126e+01, 4.0415879253311380e+02,
       2.5110336247996118e-01, 1.9571141973676007e-01,
       -1.5380899870066842e+00, -8.8213362862743267e+01,
       9.9828187746337818e+01, 4.2865739334914787e+02,
       1.7616994632787045e-01, 2.4608814178328911e-01,
       -1.5208696901659238e+00, -5.6467657538222376e+01,
       5.8145110075058753e+01, 4.1534546020125885e+02,
       1.7198637296392547e-01, 1.5549276259589553e-01,
       -1.5371228899878704e+00, -9.5192312806220087e+01,
       5.9361545727105252e+01, 4.0923497006879472e+02,
       -3.1640007799434477e-01, -2.2508763730002096e-01,
       3.0856155057481676e+00, 1.1335116543992794e+02,
       5.3253571075428788e+01, 4.4304148366534599e+02,
       7.7777253080759251e-03, -3.3928336682569554e-01,
       -3.0919529630020186e+00, 8.2030010807307349e+01,
       7.2257370318788901e+01, 4.0700420472298526e+02,
       -1.6772595711437818e-01, 5.9956425446141215e-01,
       3.0443802444695995e+00, 1.2652456205708596e+02,
       7.9331220985752182e+01, 4.0507233356508954e+02,
       -3.4523409760933343e-01, 2.2773402142701463e-01,
       1.5266919913065968e+00, 3.4119055154908544e+01,
       -1.0224249514970560e+02, 4.5267509825846668e+02,
       -9.5876151417277611e-01, -5.4749243897205709e-03,
       2.7522213438106515e+00, 5.8939685077608097e+01,
       2.9996750991312574e+01, 5.0268539144852582e+02,
       -6.5592513551838705e-01, -2.0816685171258037e-01,
       -2.8092341146508049e+00, 5.9340920923143393e+01,
       8.4339676653213346e+01, 3.7036262622263797e+02,
       -1.2013586050345122e+00, -1.7201536199706216e-01,
       -2.4366317249679970e+00, 1.3358273621527593e+01,
       8.4850124269129282e+01, 3.6016056076411201e+02,
       -2.3520773824986324e-01, 8.6689194190205432e-02,
       -3.0389210610640909e+00, 1.0119003953420825e+02,
       8.4019563897878982e+01, 3.7855086281995511e+02,
       -1.6993319751983471e-01, -8.9347552562608068e-02,
       -1.5076154400043857e+00, -5.9478838755922631e+01,
       8.8132683307063104e+01, 3.6422553600596791e+02,
       -3.5252022898338668e-02, -2.6469686462312630e-01,
       -3.0799279050837196e+00, 1.2213219829025016e+02,
       9.7638592230729131e+01, 3.5631122186202651e+02,
       -9.3994913631805302e-03, -4.0095739436758593e-02,
       1.5871236012043450e+00, 5.4401883246745655e+01,
       -1.5696006502969865e+02, 4.7462392486777031e+02,
       3.2731003976489348e-01, 5.0643682299968429e-01,
       1.7929609963195496e+00, 7.3770018299910063e+01,
       -1.3423262931063383e+02, 4.5188154129061718e+02,
       -6.2914037253973309e-01, -1.5107637699800330e-01,
       -2.8436168042405807e+00, 6.4527751459228540e+01,
       6.5580124931142890e+01, 4.2755979886067291e+02,
       -1.6583873337278510e-01, 4.1656452439441805e-01,
       2.3532581297728569e-01, -8.3909186168431262e+01,
       -1.0261992563369886e+02, 5.1763906894140518e+02,
       -2.8403214578038949e-01, -9.6023446518050060e-02,
       -1.4662518888373197e+00, -8.3508907895159979e+01,
       4.0803889775217058e+01, 4.8793870132616411e+02,
       1.2531910035091595e-01, 2.1358829741860266e-01,
       9.6801922344666627e-02, -1.0737351892991971e+02,
       -1.3552831021834268e+02, 5.4665376687177252e+02,
       8.7056762704702348e-02, 7.7618530912606498e-01,
       2.8354034921416582e-01, -7.1611662568259291e+01,
       -1.5566595757194204e+02, 6.0434729296537455e+02,
       7.3161200429551806e-02, -8.7247656847921851e-02,
       1.5960045895624244e+00, 1.0255474693338924e+02,
       -1.7110344981603728e+02, 4.9849727364131672e+02,
       9.9624832794715276e-02, 1.3651413655680403e-01,
       1.6624270555558740e+00, 5.1629892732263905e+01,
       -1.6254128781912470e+02, 4.9992904580427194e+02,
       1.8797304337083057e-02, -1.3241357074375614e-02,
       1.6046539316688497e+00, 1.5758185338913486e+02,
       -1.6458321669633293e+02, 5.0355679101197200e+02,
       -3.5418743456804086e-01, 2.9020185209595051e-01,
       1.5516417358016459e+00, 1.4772717901279592e+02,
       -1.0319531536542789e+02, 4.9709086271200624e+02,
       -2.1266532456831644e-01, 1.4524947869009625e-01,
       1.5751518896835865e+00, 1.5051136946634983e+02,
       -1.3782016125006285e+02, 5.1029441639273477e+02,
       -2.3147459903857182e-01, 3.6716985824538528e-01,
       1.6396943284599128e+00, 8.4997763282918470e+01,
